generation,population_size,mean_diversity,max_diversity,min_fitness,mean_fitness,max_fitness,max_frequency,mean_distance
213,10000,20.72,42.0,8.690357208251972E-6,0.16747715802212915,0.8333333333333337,14,201.2661
